1,0
2,1
3,7
4,2
5,5
6,8
7,16
8,3
9,19
10,6
11,14
12,9
13,9
14,17
15,17
16,4
17,12
18,20
19,20
20,7
21,7
22,15
23,15
24,10
25,23
26,10
27,111
28,18
29,18
30,18
31,106
32,5
33,26
34,13
35,13
36,21
37,21
38,21
39,34
40,8
41,109
42,8
43,29
44,16
45,16
46,16
47,104
48,11
49,24
50,24
51,24
52,11
53,11
54,112
55,112
56,19
57,32
58,19
59,32
60,19
61,19
62,107
63,107
64,6
65,27
66,27
67,27
68,14
69,14
70,14
71,102
72,22
73,115
74,22
75,14
76,22
77,22
78,35
79,35
80,9
81,22
82,110
83,110
84,9
85,9
86,30
87,30
88,17
89,30
90,17
91,92
92,17
93,17
94,105
95,105
96,12
97,118
98,25
99,25
100,25
101,25
102,25
103,87
104,12
105,38
106,12
107,100
108,113
109,113
110,113
111,69
112,20
113,12
114,33
115,33
116,20
117,20
118,33
119,33
120,20
121,95
122,20
123,46
124,108
125,108
126,108
127,46
128,7
129,121
130,28
131,28
132,28
133,28
134,28
135,41
136,15
137,90
138,15
139,41
140,15
141,15
142,103
143,103
144,23
145,116
146,116
147,116
148,23
149,23
150,15
